8.2610754406
4.8714190409
3.4463159493
5.3287114053
3.1891193809
0.0465642400
4.3221541844
3.7771627939
4.6681478289
6.4827975109
4.3756254885
8.5349971908
1.1354123865
4.1366013648
0.6990991358
8.5068516194
3.8636639104
8.2070098604
4.1836679851
-0.8412923369
6.0101819877
4.5379319727
0.0170236028
8.5989478889
6.6749078101
8.8832288845
2.1202814615
4.9080471825
6.3236164989
10.4788996473
1.7412831220
6.3109442245
8.9603500272
5.4155191956
7.3289814935
2.9451116334
5.0507851247
7.4655708600
0.6941711131
6.7881641538
8.1725810315
10.8993426526
2.4657356819
3.8005594190
0.7947861804
2.8272332181
7.5939052137
4.3761655912
3.5706262838
2.4407624330
2.2076689544
-8.0904400178
-8.3494417437
-9.9932897682
-6.8319155051
-6.4267522506
-9.0709512131
-6.0562160630
-4.1122832001
-4.2296554140
-6.4645220162
-8.6777665887
-3.5316930318
-3.8814664186
-8.2232201711
-3.4050375308
-7.8094266262
-3.4106158777
-2.7101314908
-2.7359229717
-7.9251232295
-4.4845380787
-7.1080735643
-6.2780749554
-10.6253832435
-5.1557765601
-6.0616397442
-5.6621588064
-1.0445235846
-5.9490082762
-6.5504978064
-10.2813899896
-6.6308639038
-4.2576290049
-1.7220888710
-8.0736351453
-2.2775080476
-6.6191453446
-4.5815073167
-7.2137912638
-4.6817906280
-11.9127475977
-4.9131705996
-5.3826790931
-1.0826501565
-2.8499243183
-5.2293242715
-2.3392057836
-12.5351971797
-2.4037224343
