5.7704741313
12.8231415445
3.0970382791
13.1870294150
6.7737370392
3.7966726711
-2.2796646029
7.8829237312
-6.8358871178
5.5610080400
-3.7906138917
-2.5813616406
6.1621347728
-2.7074607615
12.3233637905
3.4605572556
9.9277131962
5.7175899767
-2.9602145772
-7.5243428023
9.6167236020
-5.6151136205
-4.8962329639
3.4219233667
2.3285897937
11.2499824003
3.8479071337
4.4968570809
11.1157461297
-2.8207470708
2.8432035278
5.9149400373
3.0512355575
-4.4692339490
7.4199314540
15.1832074473
11.2246071275
6.5857236007
7.1413809003
-7.1195107932
3.3973848163
-2.3711473710
4.6157301098
3.8505720092
3.7882665906
4.5093016513
-9.1422154020
-2.4090738914
6.1711386838
8.0843886904
7.0149162961
-4.0020791872
6.9525190576
14.1649534914
-7.0556874657
10.0207321752
-3.1210580838
7.1558383212
4.8093151440
12.2420211118
11.0561788038
11.3622816078
10.7294370025
3.7653948628
3.2597235606
4.7433430778
-5.8545280098
-4.1414911030
-3.1462271687
5.6305347488
3.3366592986
14.3641861231
11.5176665535
-2.8441234254
4.0879893344
9.0986709938
2.9796282605
-2.5296766728
3.2935279764
13.8437229193
-4.9792783640
10.1896695064
14.2068087138
8.8319273382
-5.5842429580
-5.0106135495
2.6084807568
-4.1519030526
4.3254684770
3.0359367627
13.8057502399
4.6566023492
9.6906744330
3.4886872046
9.5236629455
-7.7235838018
2.6202033705
3.5735306317
7.4944753676
9.9922893618
3.9523895083
-3.3611012374
-7.8941038549
2.1345634608
4.2022947077
-6.6874585215
5.8221360703
-7.5794727820
-11.2236379271
-2.7024844227
-3.5580167572
-4.6299434325
1.7560499455
-4.3086303661
-3.3443093608
5.9861001030
-3.7154843466
-7.4266743637
-5.1015574594
-5.6219293689
-6.6093852411
-10.4755789994
-6.0019344821
-10.0220491531
-11.4480765621
-2.9447295393
3.4604152679
3.3560157502
-6.7159093030
9.8971621101
-10.3922733091
-8.7780137725
3.3647587759
-3.5942533104
-4.0894126547
2.6200800782
-5.1733613634
3.2952565220
2.6852310889
-8.6868080062
-6.6001960012
-4.9395614334
3.1224712598
2.2613437781
5.4021929037
-3.0212450714
3.5519528172
-12.2246692198
-4.2445793572
-3.5612253381
-9.5821355097
-2.9838201481
3.2246873044
-3.5961452482
2.6653234061
-7.9956793052
-3.0840974799
-3.8291912478
-4.3723188561
2.6976490815
3.1482678776
-15.7069933977
-8.8522080051
-2.8754358374
-5.1921675969
2.5053865877
-5.3211461040
-5.0412073838
-15.3698189948
-3.5493964453
-4.6681002401
-6.8714599750
-3.3041887944
-6.1372408570
-11.8640291787
-5.6275884022
5.5633426919
-3.4136031893
3.4675811742
-4.3357981056
3.3461535117
-10.0361778984
-6.2741776081
-13.9552530033
-8.7120381339
-7.5569610983
-2.9915768699
4.2271094350
2.6499792802
5.3102100082
2.8016501157
-4.5225556596
-8.2117060975
-12.6032385313
-9.5974113847
-3.3994755781
-1.9495387819
-4.2754605609
3.9670963087
-2.9824720497
