16.8709632892
15.5338655102
1.6831144923
19.4173758760
10.4353823107
11.0993276821
-3.5695050277
9.6357183282
-1.4931225600
14.0947450374
0.6978208983
0.9778121969
16.5147324723
-0.5278939900
8.6793439431
-1.0544538635
1.2955523657
3.2308816034
-3.7579256934
2.4684167108
16.5500608231
-1.8790762250
-5.6953219256
-7.4877189847
5.8630236198
18.7690542303
16.5667512764
1.6284367028
8.5669528430
-2.3137190985
19.4866823513
15.6828903314
-10.3284622443
-2.3421753697
26.9318095816
21.4858937902
20.2047440399
10.0182659171
26.0950585703
-21.0480289158
-3.1906086786
-1.6719290527
6.5612278367
5.1506806997
22.7322723023
18.0982263094
-1.8687860164
10.3601595089
21.3313247380
13.9657316483
23.1185369472
-4.9562382879
7.1822813085
11.2709146429
12.0906841107
31.5693004876
4.4170171951
9.0238670834
5.0212119075
35.7801757415
18.3892903400
14.3698902101
-7.7240233470
-1.8008896393
10.3294425206
10.1044322605
-3.7521166476
-4.7364205700
-9.2120995161
1.0690163825
0.4283660416
4.2583133581
21.4579890042
-2.8456128570
1.0664149440
13.2399268809
3.5022995299
-2.7086753627
13.3303785374
14.0666199920
0.9243603330
16.2372703633
22.5178234899
1.6801883662
-6.2215043775
-2.9501163711
17.3876428266
5.0675670607
1.2084944873
0.2872695720
33.6653723327
12.0133468138
7.2639024646
7.1086416931
20.7555664047
0.2796478552
-1.7939673838
6.4204018533
12.5128137938
11.5871472150
5.1195173593
10.2055999630
14.2249855332
6.0986458322
13.4803985908
10.6821057851
5.6206228983
3.9913473021
11.6202408541
-5.3372205055
10.3160608695
-10.8012818562
-2.8096149401
18.2399342045
-1.4497109485
-0.6137407465
13.6862642866
10.8936531168
13.1057671285
11.3918675911
18.3267831180
17.6615497371
30.0523733777
11.9563237279
-2.3544936700
6.5212272684
5.4637281958
10.5256555110
12.9700884165
10.2638539712
-2.1751538125
-0.4005766157
-5.6232579477
13.4201058863
2.3979029355
3.3772716098
3.0945077743
5.4093763210
11.3626269743
4.4110922674
11.6984472753
14.9718457139
16.8114760175
6.6550354761
4.5895305822
4.9222072763
6.0807314671
12.3742431021
0.5293183536
4.5398453773
17.4347382009
5.8489447373
-2.4695254693
30.4121122021
-5.8802570552
18.9558667438
10.8477272324
19.2744231463
6.1308960235
4.3415678070
3.2415695699
17.6735551956
11.6877396731
21.2549255963
21.6599176122
4.7961382802
10.3602995585
-1.9165007392
14.7383434836
14.8088119924
7.5794965907
12.0389612650
-9.4604974214
-2.5535194025
-5.2639852274
11.5908183893
14.8187616302
12.8030991192
-2.1244285956
14.4535493134
5.3928004253
8.0547095791
2.0936344760
17.4470004192
19.7282267859
-1.2550195078
5.2283982322
9.3687201620
17.5802512198
0.5978673612
11.2389506896
5.0300994332
11.0094462187
-7.7399928660
-1.1712041603
7.8215162412
29.6040607778
2.7040646817
9.6890606402
14.4530291517
16.0679170302
18.2316260708
5.7626201263
3.2085405574
10.3016975914
5.1400206667
7.6649110922
3.0859031272
8.2569733502
17.8981754647
16.1937176206
13.9922373399
21.3634133672
10.2621753134
9.9438287159
4.8370272520
14.4752143691
13.0259709347
2.2224583286
32.8345065780
2.9806854622
21.1769508080
25.9487591600
11.8903150862
7.5832446350
21.3773879120
13.4231037769
1.0683854368
1.5364854547
-8.1265128947
0.3065084543
8.9180193481
-2.5096460110
-1.4631209960
1.5897300196
10.7573510440
7.2537441376
5.4097014814
27.0007904796
6.5342757401
-15.5150444942
-1.3295509073
7.4387594273
12.4600417993
18.2158065150
13.2998662569
11.3861229446
6.3958517098
1.3873086270
-0.3884871158
19.0961627656
3.8631859172
1.6219805311
2.0613848477
23.5349281772
-6.9765209080
8.1322619772
0.0793892707
12.4367221732
9.7880323039
13.2930194863
17.1013369436
10.4331238301
6.3128268280
1.9956507834
8.4194738856
14.2193243611
2.4022305201
6.6261719673
7.2746167023
6.6004482192
-13.6134068855
1.6289089864
9.1947955890
0.5618681975
4.0368009458
15.7700367245
10.5792671912
8.3861661305
2.4577991774
16.3297773452
-9.2797508633
-3.5002380723
11.6349637871
16.9051332283
18.4474592792
0.5968125353
5.3680255075
18.9199814167
9.6222719773
-3.9961110120
14.4078579227
6.9571666991
-0.0072163120
14.5343597765
22.3019782938
3.5112445041
2.4464974897
5.5398916322
4.8982581584
1.3288338858
6.6931180150
16.7404267449
-0.1816285546
-1.6478003755
17.2004922622
9.1016875068
-1.2145031679
12.3967678024
3.8553433179
5.5066280880
4.2397811058
3.4626857362
8.8025195293
12.4584230801
-3.9692645143
-11.2996506586
14.5503477390
1.6389853850
4.1254655438
3.8795685853
25.2730516453
1.4375533905
18.4330707391
3.5414583487
27.1087034944
15.8342303298
15.3606974948
15.4299022481
-2.3602723475
14.9738771256
3.3205781350
5.2688625048
24.9089037019
15.6153220593
12.0562142885
4.0922216541
5.9056314143
12.7169438044
-5.5854753873
-3.2459960993
6.6410033270
-3.6914318020
14.8776956280
-1.1701317556
23.6039488065
-15.3295013560
33.2886956079
3.5385361164
15.6921682830
2.8616647694
-2.4681692188
16.9601951423
-1.1948552624
-3.8724702436
0.1642789342
-12.2647682231
14.3506409073
10.6431479193
1.0856638048
12.5976477732
12.7723979170
8.8697457572
-9.2999182996
-8.3136774795
11.8632519470
-3.7545891013
10.8624679099
22.2189475116
-3.8386780785
-0.8389357624
19.9626546201
5.9799222736
18.1547690483
4.4881667655
11.4696319042
9.2946310362
0.6584784963
7.0446325180
15.6645695101
21.4364478095
19.7570884244
-8.4828973166
12.1161786474
4.2428841124
-2.2770621104
20.5474972021
21.0380029509
16.1856103743
-5.2971102042
9.1321509673
-5.4742141424
10.2783933486
27.2251518971
10.5171681667
7.2938647520
12.1860859443
9.0894268832
1.4804133633
11.3606098340
8.3089845828
9.8192780649
7.7824828032
1.6286045582
1.3286243587
13.6514469377
4.1650409340
0.8811988422
-5.2131119950
5.6863885643
7.6900634318
9.4628317894
-1.1834746831
-15.7591394256
10.9941657091
15.8596377161
-4.4871873214
16.6952921332
17.4671849079
17.2406809266
6.1890986905
26.9786512965
18.7583887192
5.0879633981
25.4774695590
18.8931793987
9.4183648141
2.1713767253
8.5909160267
28.0877358909
-2.0654799867
-11.3004023663
11.2221564400
-10.0964542374
-1.0779409734
1.6709379468
-3.6710564061
10.9922259048
24.9735325832
12.5572400362
4.7540489989
22.4262383922
15.7265030967
-5.6751409112
2.6465067554
-7.4398689923
-5.7860455845
11.5444492903
9.6711367463
11.4287678870
20.5396539924
-7.1629562393
-3.0587935429
9.3519457232
7.0148128021
24.8739992779
9.3333886714
17.2459905574
6.0182441278
9.7450691210
7.5336572064
1.6594588751
5.2461392248
-0.6108035451
21.1095760212
4.7293326208
2.5326170608
24.3567554826
8.4272434952
6.8783780688
-1.6638789262
3.3461414932
27.1409194415
9.4055505877
0.6106766984
13.9179004448
2.1876330009
9.5794586831
21.8810067219
2.8378945465
11.3506134562
-0.1902629704
4.0897869789
11.4553536952
8.1653512116
6.7764376607
5.2780723258
17.6287771580
4.9185197745
-0.1743484339
-3.8410582515
12.1856219897
31.8365160029
7.1989451041
21.5863512412
7.1855568127
0.8033982719
0.8519635075
-3.6004813568
1.6207312732
-6.2963141241
0.5609825318
-7.1167831861
5.3064878330
8.3129953049
-19.6365766571
9.8942464469
-21.2307565689
-11.6937054246
-12.1903540931
-14.9096535045
-3.2888918428
-6.9091083789
4.2168816054
-3.0504980162
-10.8655846397
-1.6851503792
-14.5413413071
-17.3175583037
-4.8178722451
9.5353537466
-3.3881616689
0.7965355992
-3.4999430470
-16.7813997574
2.1475071847
-3.5050969977
1.5004499535
-25.2221307874
3.7326107600
-1.9445616711
-11.1154223477
-9.2027348402
6.3355997182
-11.4510782490
-8.2439949326
-16.0514351097
-2.7831561873
-2.8394074343
-4.9520960410
-4.1459382668
-7.2616799554
-3.6467696476
-1.2790727033
-7.0808113751
-24.6502876276
-2.7937398232
-7.2844750283
-20.9629562176
-8.5439031527
-24.9597711342
-4.1124358780
-3.0840906447
-1.2356330237
0.8134358271
2.2402978568
-4.1692752094
3.2605839081
-28.7337970972
-27.4751657888
-13.6029287426
-5.3812939165
-11.0859524538
4.9673208323
-7.6458648428
8.8441270968
-16.7738137897
-12.1469920679
-15.9453020899
-21.3889829944
-9.5314608543
-10.5184757097
-16.9601492112
6.0850237507
-9.4048492981
-8.7876613275
-1.7775943888
-15.7138292211
-7.4562483679
-12.7869812524
-2.2241446106
-8.6914568610
-10.3750148253
-25.1130219404
-28.5360915589
-15.6872242400
-11.1225621085
0.2856806672
-11.7091493841
-8.4518461904
-18.9670975968
4.6045456494
-14.1719512817
-29.3231050780
11.7264242864
-15.4110828005
-0.6941190646
-12.4568457854
9.2323642890
-0.5681600993
-13.9009075029
-11.1680506010
-5.1944041341
1.2427436880
-9.7226767580
-3.4941223932
-0.9607236260
-30.4311603149
-20.0913600730
-2.1754107412
-9.4882150568
-4.8831643053
-10.9812229284
-16.8546457322
-7.1603912553
7.6581997771
-13.0376208761
2.5730464827
-12.7919816742
-14.3251977183
6.1152100516
-14.6331126840
12.7769727303
-24.5091693395
-0.7932542418
-13.9740782514
-2.2253038605
-18.5984796979
-16.7508112423
-3.6412133659
-19.3040177625
-18.0958064783
-17.4598976547
-32.5262255495
-17.1663388520
-14.5764989520
-6.8662079851
5.1039602810
-1.2177969927
0.0553529973
-1.0224585299
-6.1734630115
12.7923410048
-0.3625760553
-14.4876044416
-20.7930025523
5.6595063303
-8.5861699051
-8.2771123305
-7.8619411565
-9.5814471174
-15.4432953752
-11.4128112267
-2.9341408717
-15.9312170962
-7.6404298355
-6.0493995087
-8.5606007009
-16.4715806572
-11.1395295374
-3.8148491697
-5.9381966589
-6.6639544997
-14.8733542048
-4.0396928756
-26.5273456671
-16.1231856251
-3.6309041476
-14.4197908965
-26.0777401397
-9.6057844832
-9.3395890579
-4.0982575007
-18.5479615137
-2.2987529070
-10.4013083265
2.8818437776
-9.2023684859
-17.2000743232
1.6945838210
-12.9266702083
-12.7197951225
-10.6639399700
-3.0456943593
-5.9421166855
1.2332981774
3.7505689832
-13.8395517587
-25.8937345742
-7.6782714522
2.0657183197
-25.0000575427
-11.9582084182
-11.9637666320
-14.3739347635
-14.4258572732
-6.8761377477
-17.0255190602
-5.3841937434
-6.5658148367
-1.8652268607
-3.2892167473
-14.6946877815
-12.6315759291
2.1516790186
-7.8220605169
-0.2177109530
-6.7374936459
-0.4762483365
2.9339496526
-10.2470484622
5.5476925815
1.8197783762
-4.9239780943
-4.8078396820
-13.3805251595
-24.5519394479
-13.1552897508
0.8365286001
9.2145956325
11.8719932929
-2.0952320529
5.7744625806
13.2659674962
-15.2588700665
-1.5675914486
-7.9039508795
-24.6961408057
-13.7196268583
-13.2702856890
-13.3388958868
-11.8343811034
-12.1664047099
4.5755722842
-2.0556666697
-15.9644590455
-11.6749647935
-4.5372172133
-9.3060199528
-14.6470737242
5.2067734922
-17.4720690416
-0.5781177301
-9.1704356809
-16.8128446305
-2.2046373059
-16.6973240221
-15.8141880263
-17.4446538914
-3.6310231331
-8.9596325459
-7.2513238492
-3.9809109417
-8.5132096182
-5.5542994548
2.7742540480
-16.6034003671
-21.2465283279
-2.2486345259
-12.5884857198
-16.3093017572
5.4098418772
-19.3962175068
-0.3827055211
-9.4537182965
-2.2304508593
14.9827903942
10.7928509572
-8.0762033039
-12.3715308503
-11.8926808470
-5.0747637062
-8.8384059161
-14.7222399351
-6.5643110678
6.0283094190
-18.1763983139
-16.9184573955
-32.2738405917
2.2078615311
-14.3973214723
0.2753511429
-6.3714676557
-2.6780396740
-14.1040110855
2.0891663852
-7.0764747826
-6.9612948016
-3.0975061868
-16.4757308132
-4.5406032697
-9.9922189486
5.4310207534
-9.5636555528
-0.0629719912
-8.3621913974
-12.7188221998
8.0056928919
-18.5156251540
-2.5922634774
-5.3392221719
0.4832810410
-11.7007193838
-18.6596769033
-8.1468142517
-14.1754126819
-18.7170251639
-18.4318363960
6.7639048667
-5.9547959380
3.5076654302
2.3424578018
-8.9641487942
-4.6321903334
-19.7649880892
-3.3052534559
-4.7600113263
-12.3998044699
-10.9434718701
-8.5844705069
1.7971097688
-12.3790329790
-15.4654553090
-5.3302170260
-7.6082504780
-8.7788977892
2.4161971252
-5.8995283538
0.2644255439
-24.1296568833
-5.4345233147
-11.8741985796
-7.9864715969
-5.6057928071
-15.0011853911
-19.1702307378
-14.4457821935
-0.9664019051
3.6402073653
8.3722789179
-11.7924502227
1.5913315057
10.7547117283
-8.4061853205
1.7408227244
-24.3045627912
-27.5522931044
-16.4291683913
-7.2300887723
-11.8356940632
1.3043981771
-26.8932688480
-0.6727729850
-4.2217658178
-2.3553811401
0.9136053585
-9.6102715495
-13.1770701282
1.5292047056
-13.4248391650
-0.9870100341
-6.2043162113
18.0030446816
10.1701105505
-8.3441193844
-7.4987304734
-1.7757865582
-9.0898578239
-12.0716800639
-6.4049568393
-31.9112254340
-2.0267287938
-14.3358663039
-16.5746064950
6.1039388310
-3.5114896656
-12.0247178345
10.1412302628
5.7104215640
0.3719099195
-13.4002654162
-8.4461230971
-11.6869895938
-1.8079684739
-6.1630981264
-3.3485025803
-15.7265393310
2.7671521204
-5.8110489288
-18.0336796396
-8.3577443340
-15.7376022661
5.6280025355
-3.0780407977
-8.9628779030
-17.2942833072
-7.4832890262
0.9157038086
-2.9835233546
-5.4399267242
1.8027266931
-5.7650306624
1.6492000312
-6.9833626064
-2.9569859689
-6.8180157329
-11.1220865485
-23.6698525882
5.0775012947
-4.1426217694
-12.7443781601
-15.1605249581
-9.6676479999
-4.1761224366
-18.3949222119
-21.8651428751
-11.5149511846
-19.6040531663
-10.3851186217
-15.3720759111
-14.7919361856
-8.4611549823
-16.2920486698
-11.3783160180
-3.6106506469
3.1981354667
-22.9889165919
-18.0253068697
-16.2159737327
6.3575313763
-12.8416782097
-5.8204279887
1.2039603935
-12.1394286216
-17.8496673298
-5.5044233342
-4.9766414964
-17.3677006922
-5.8426378035
-13.1750705160
-11.0014295280
2.7299766980
-7.6132903068
-4.9416215451
6.0930310665
0.5607321126
4.0842821641
0.7727295392
-5.0276412470
-6.8203632075
4.4736577231
1.1134432931
-8.5860622752
-0.8371030221
7.5905289550
-3.7873972374
-10.9688547665
-6.9740904277
-14.7954410026
-4.7240114553
5.5313043234
-4.2212904655
-16.8065384825
-3.0595252940
-10.1059373575
-8.4626572455
-15.9066051119
-10.6437146449
-16.6746539751
-1.9137359774
1.4760486138
-4.4612654285
-11.8622681227
-7.2897949255
2.0586975021
8.7175293215
-31.1332217282
6.8348418324
-21.3323768099
-10.7834688826
2.0731341147
-11.3266910909
-9.1694299639
3.3634228500
-15.6740323202
-11.0475769579
-2.9224786076
9.1629031872
3.1687227272
-11.4073234322
-1.1215321674
-32.5619848817
-9.9358842513
-9.8744603601
4.9303167284
-20.8708968093
-8.1998549230
-10.7543378275
-14.7136347545
-17.1481156546
