18.5739076142
16.1455948968
3.0506168324
20.8298789203
3.9968524139
8.6468360028
6.2904743866
16.8025085800
-3.9954999427
16.3251854820
-5.0973154989
1.3118694766
2.5360845170
3.7281319072
10.7426773065
-2.9233288056
3.2751721793
-3.0569613748
2.1992525252
5.4258531312
15.8695369439
-3.2095891037
-12.2855617543
-7.6026250915
2.6728729710
14.5486034920
11.5805899993
4.7794003513
15.6431540682
-3.6267390776
11.9349463705
10.7152057313
-6.7107871741
-1.6086270656
5.7108577795
17.0539386445
10.1149180286
17.7990152617
-1.9252844717
-18.5211001797
17.6852271149
10.3567352381
3.7055456913
-2.3335178262
-4.3339406811
-4.8258259381
23.6198085700
1.2923447158
-17.8003284300
13.0911221885
-1.6615484686
16.0131338210
19.2826728938
2.9136075361
-2.5631039557
23.1511865843
13.5432830029
19.0392108423
16.2344626979
8.9960425659
8.8445676829
-0.1229876042
1.1830625451
-8.5252916425
10.6356381433
13.3634418890
-2.5106402866
8.1835027345
-3.0239963989
9.8333456309
6.3827256891
-6.4530695447
22.4905056585
-0.1616726831
7.8011266563
9.0053087229
-12.9549118447
9.7558712025
0.8794032582
4.0441274756
-9.4476311200
-8.8132955931
6.6191857335
12.8215029735
-3.7888694101
-1.8925306468
-1.6649950792
18.4253943359
-5.3665206013
4.2792422210
17.2406497748
-14.5605039015
-17.2931972376
5.0963475536
-4.7044582338
3.3036490445
-7.8333611642
-1.5257164223
3.8990434674
2.3596604111
21.6416599189
-0.9483359432
8.4618474753
-3.7392468808
12.1887387714
-5.3681006600
10.2139392305
15.8262196075
20.1787368098
10.4882597077
10.8609428074
10.1209568858
21.2808183927
1.7345304897
8.4377032648
3.9106526320
12.2636404181
14.6683250088
11.1693467843
10.6945044865
-1.0179411821
10.2923000199
13.0706205253
-3.4391183650
-3.9803719059
9.2735040521
-3.5139500237
2.6895940475
6.8863210673
10.3041224187
8.4986750486
15.2212929205
-15.2962750980
18.1774838625
15.4933666461
8.4709476776
2.6810514888
11.0484657889
10.6429978193
17.6923595565
12.0563170863
9.8702526991
17.5407522165
5.5511610881
-3.4470661386
10.2493205854
3.8896461164
1.8697623732
18.3893520035
2.0236181789
13.9759342624
25.9372476225
8.4415313618
0.5660459708
8.8698135861
10.9824353350
5.6804721265
21.3035817924
-1.6447319247
-4.2094596108
16.4330524270
-7.8819563501
3.9637088285
22.4450254990
3.7276878794
8.9943449286
9.8014641764
1.4558591019
13.9989645204
-2.2402551694
22.2365461120
-13.1304120612
4.3809293923
21.8327590583
-0.9623116357
-10.4299740345
4.2600492742
11.2979711709
15.6577265569
-1.0746563255
3.4037512265
-6.6837429209
29.5680128811
16.3460904652
-3.6446335359
11.4698129565
4.9267114714
17.3438485080
25.3443100718
19.0100449128
21.0333432377
11.8337584544
1.7456318046
-2.7495257110
13.4488259208
6.3904325644
-7.1035108903
11.9581975720
3.3536042782
-1.3329838063
-5.0653831736
8.9151789621
-12.7330384533
2.6779924651
0.7620649448
25.7238856433
2.4395356259
8.2098564000
12.4051241341
12.0080680874
11.6019365419
9.8986265560
-2.9937155997
17.1275250352
6.3125328741
16.6367938118
-2.0789526201
1.8923351696
14.1263503804
9.7698252656
-1.3321623574
15.4176996604
2.7035993875
14.8985690811
11.3513295227
8.4129520168
12.0780283426
8.1853706607
3.1781087868
-3.4241069327
11.7155649170
12.0198076909
16.1920598560
4.5039450111
8.7320673010
1.9533843331
24.6762275969
-2.4094746911
-12.9984522231
10.2148459529
8.9606795747
8.1135689819
12.8243070338
-6.0922823034
8.6457084487
8.6969875642
11.7718482278
19.1085193889
3.1798814878
11.7746446966
2.8088635405
5.8326905188
-4.8574991904
8.3707540416
-0.1774984723
0.8505077541
18.7169076004
-3.6851480503
2.9139910495
-0.7357024737
7.0099771472
19.7293322352
-7.8650587775
11.2980424226
7.3895498351
6.7952034382
4.7247107550
-2.4069572667
1.4347336342
-11.2368260806
5.5559721111
9.2277927497
0.8440997385
13.6808796605
2.3582941874
5.4772886358
0.3137585036
6.5604253546
2.7029293514
11.6989760807
3.3776389325
20.9077037408
-8.1377339628
-2.0372572483
4.3128265109
-3.5536860459
12.4575615606
3.7056505966
-5.1492831553
-2.3663143853
4.4729171045
11.7624867020
10.5021982371
3.7192323183
-1.5329181480
8.3041814429
2.1260277610
-11.0309794969
9.3604478804
9.9574257807
21.1179639848
2.4188034622
12.7002956747
0.1493695367
3.8159649102
-5.1385328568
13.9160751998
7.8397141386
12.8113887028
25.4504923908
-3.0917595519
4.9389754099
18.7475630295
-4.6210297504
1.3660177780
6.0457031056
4.8499573117
-1.0923548030
9.9852391678
-6.0831845968
17.6616917339
17.1322222585
16.5089520143
24.7009206584
11.0354965232
4.0436155651
8.3369954503
-8.1880109244
-2.5125539171
4.0503783034
19.8723183707
14.2597265394
7.7882108782
17.5896893803
19.8566090863
18.5119004124
5.1276950624
5.3156128810
26.7160677921
-12.3990131903
11.1747944907
-22.9922629818
7.0954550264
22.0635206427
23.0045472838
23.8224027726
18.6402394075
10.0793130262
9.2532594611
18.2499020730
-2.7512746673
-8.7037918438
18.6096430207
-6.3187765120
9.5955317950
28.4319992812
-6.5345306929
17.3407298776
-3.2857887418
20.2597299247
11.2916075705
-0.9595736887
7.1825587071
4.2080288510
16.6442728451
15.5073879299
8.7889250257
10.9983015168
-1.2900425083
19.2184377490
-8.7403081344
6.3190755399
17.4763539902
-10.8956088684
6.4052554570
0.6887167371
18.2360020797
10.8682790897
5.2049887058
21.7021239828
3.0989312360
21.2540622834
7.3901964690
-8.3027207882
11.6785276032
9.1432521987
1.1737194730
12.5736057315
-4.1612779328
16.2674273277
20.1958106352
6.6395498674
13.2070629696
-3.1888338157
4.4568507056
-0.3583818919
19.5118508973
11.0525391718
3.5090503650
14.2546252315
7.9478170173
0.1618156600
-1.9480297864
2.2947662193
-1.6207558272
11.0725282237
2.9889048537
-3.6990883486
-10.0509576101
16.7930281399
-2.5432833698
-2.8717811437
-5.9069146650
-15.3541991629
3.8571330852
16.9683871777
-9.6481057061
-19.2712473799
-10.4013057597
-24.5131192699
-6.9427261950
-1.6525936815
-10.6311980425
-10.6611104104
2.5977628614
-13.8156117944
-10.3058261542
-3.1527390071
-1.3269865124
-7.5799775547
-5.4341883895
9.1288062865
-25.0934859188
-11.0769188769
-16.8025601180
1.5562613010
-2.7062297060
13.7559535737
-7.4481704339
-13.3927499249
-13.1943925268
-13.1668471117
-4.2337389657
-11.8110242059
-5.3343780810
-8.0116603843
-3.2735027235
-19.6464120162
-16.5559162808
-5.0285278856
-21.7622418350
-4.2844088130
-11.2534379916
-18.6030805471
-20.2752350996
1.1117127374
-23.3171197909
10.3178420373
-1.9632738645
-3.9407794009
-13.3974301922
-16.2298624726
-20.6397158882
-27.6434438280
-11.3068623914
-31.9740418773
-13.2137775913
-5.8918043902
-15.6052999365
-9.6284892345
-6.0463015267
-16.4385487344
-18.3831712969
5.7625105456
-18.7920846650
-29.4888592385
-9.9866177597
-6.8362851620
-11.7152729866
-8.9332627209
8.1603413551
-2.9877237250
-11.9052764562
-7.5571304182
-5.5911842576
-10.3771801439
-1.5127254246
-4.8458987754
-12.2348238412
-2.5194593618
-4.6596270960
-19.2555994678
-16.2583915613
-18.9171010719
-17.6998364800
-12.5297255576
-22.7406196181
-13.2277338445
-27.5959619124
-1.8177948949
-17.7577582496
4.4916474423
16.0834002261
3.2145420389
-9.1559220728
-7.2880291913
-9.7101793789
-13.7089623172
-12.4492778624
3.3290615518
-8.4234315930
-31.7494882655
15.5684142829
-4.6027513643
-14.6989475987
-8.4228114895
-7.2390445386
-3.5496529659
-9.3066416113
1.3862965431
-1.8441945726
6.8206992828
6.3281909842
5.5159894946
-16.9484559596
-23.5465941325
-25.8387869869
-7.0376914474
6.3578795635
-9.4113091500
-1.5348518537
6.0133882294
-12.3915276591
-13.8480220311
-7.9615842410
-15.9549337814
-2.9344798593
3.5209319311
-11.2245606441
-15.9737273160
-10.2531705577
-17.8364243476
-12.8369407744
-11.0058177445
-5.8639956923
2.9873630029
6.8575246344
-22.4074552795
-12.8818041001
-3.5698037770
-6.6683653826
1.8342743174
-17.1411444645
-5.1794029019
-17.8292009512
-18.8671353188
-10.5412312182
-30.0988814146
-17.7653288875
-10.1025506720
-16.9162638056
-16.3868649455
-5.7636953482
-5.6162244981
9.6361343313
-8.2838173385
-1.8476915188
-18.0173529927
-21.2951520288
-10.2431588603
-20.6419437324
-5.7534556772
2.3703446748
6.4390465510
-15.1233715045
-5.8821600043
-12.9020031324
10.6234584522
2.2726177947
-5.8663210905
-1.3956509667
-7.5275977493
-1.7119544596
4.5140217718
-18.3847275335
-3.3390899489
-8.1527498498
-7.1563252678
-3.4059174014
-5.4113043414
-5.5950645589
-5.0472692170
-6.9492250477
-3.2378198595
-5.2064437457
-1.6408113085
-11.4423974710
-14.9373564209
-2.3378018395
3.3859278911
10.2125524009
-14.0685633021
-5.2575429374
9.7540847557
-13.0755348344
-7.8196628134
-10.7573524201
-6.3602011273
-24.7855424801
-19.5425864391
-6.4696771484
7.3666005977
-7.2643676387
-17.0140481125
-13.1201201672
-20.8253169495
2.0635109218
-13.9677590839
-6.5943332919
-7.9544727544
13.6897122916
-24.7429603450
-9.9266767023
-8.1979628093
-5.1927198537
-12.4197319068
1.9273323068
-7.5067844072
-10.9672502061
-2.0272786246
-15.1297165015
-13.0710947345
2.9363824408
2.0070299864
-6.9678177738
-7.9589598937
-13.1648665606
-15.5951317560
-3.3497846003
-11.3083022130
-16.0615040142
-3.9742948318
-1.7303294103
-15.2016635311
-5.7880594540
-3.9022432678
-1.8250803572
-7.1188130986
-8.9808174844
-16.7031172083
-8.1914098691
-11.3714184692
-1.6846070173
-24.4252613585
8.7309729542
-8.2109342646
9.7382049179
-10.2802545655
3.2992128819
-8.1641548440
-4.2870774219
-2.4297129507
12.6101021793
-1.9383668318
-25.8426149636
-10.6334037276
10.0191712229
-8.5265495367
-7.2962837783
-17.9314923250
-15.8566553863
-4.4230871624
-12.5756958444
-8.5053935391
0.6504118939
-1.8285012363
4.6765945397
-19.5724452920
-4.7546722726
-17.6180858025
-10.5079602454
-8.2335697672
0.8659741773
-2.8309184071
-1.7739635123
-9.8237643792
-12.9635283394
-7.9965205947
-22.1225147167
-9.2300259009
-22.0791693541
-8.3692183777
-12.2934680392
-28.5823168479
-12.5143295581
7.8002631225
-13.9277015573
2.8864866926
-9.7273844899
-11.9998675505
-3.2633112406
-9.3848849521
-16.6234483798
-6.6939535466
4.5952326015
-18.9768949894
-13.0283329939
6.9946831836
-8.9428408265
7.8636781183
-7.4290041080
-15.7324958019
-21.9128229715
8.4719224470
-15.4357609752
2.7195483085
-18.8376689341
-12.7586333355
3.1734439602
-17.9905477206
-9.7277613819
-6.1480249833
-22.5303407999
-3.7178664221
-8.0176439090
-6.4272000290
1.0965865394
-8.1762343945
-3.2235563185
-4.8314250189
-10.6993658356
-0.9832313403
-21.3938945547
-7.6749082536
-11.8632366506
-5.2612342397
-25.3262872380
-12.2413572051
8.7181089515
-14.1815487027
1.5362230453
-13.6903949010
-18.6857871995
-5.9738713706
3.1533445147
-8.8363630157
-16.5542784464
-16.5529625953
-4.0746485568
-18.6635792322
-2.9435832900
-6.8049183553
-14.9285148729
5.9798079066
-8.2983736660
-24.7846794679
1.1440268746
-12.8103755860
-12.1965033629
-2.8900687998
2.3347147167
-1.4650472219
-7.7900802333
-4.0578291528
-8.6492534815
3.8812390971
-14.6433541890
-21.4562584884
-6.8903118039
8.8284108693
14.7070543263
-3.8081944243
4.8535575427
-16.1830302401
-8.9901045768
-17.4065143520
2.8390547721
-9.6924668774
1.5817185874
3.9316742894
3.5447987211
-11.7072591949
-17.9841469596
-15.4796701953
-4.6285898352
-31.4578707171
-5.7834950170
0.6798667325
-8.0147904369
2.5370373013
-12.0420624929
4.2294404302
9.9277523638
-9.9022931752
-15.7775931295
-20.9222949415
-3.5814324565
-14.7875681796
-30.6468039732
-8.5094545430
