5.6564169292
9.8856784855
0.8240649581
10.5972522735
2.5683690089
6.2933616290
-4.8711000519
1.3268163362
0.5218701050
5.5743678836
0.3673994315
10.2500938781
0.9490753317
11.4909897276
-10.0501760654
3.8113376378
8.7319488102
8.8490970785
-8.7336977767
-6.0505556437
6.4083370844
2.6540791456
-7.4574398258
1.3694722436
9.0290814501
6.5173632725
3.7261426382
4.8142567373
-0.0289756819
11.8593243589
-5.6743254837
9.4747089758
3.4426817283
-4.3736466012
6.9710473394
2.6411110432
5.2858368194
9.0991824793
6.2789244616
7.9526865889
13.8356050336
3.4294268197
3.3966014914
16.4695809594
0.7672467182
5.0097192064
-1.5479616995
3.7306036548
6.4273840823
-2.8535215888
1.2405631050
-0.7790407102
-2.7129850406
2.5811233021
0.0503278918
4.1594778523
1.6706170892
-1.8324351035
-1.4295214332
4.6442477356
3.2576231366
-4.2672532872
2.1977918249
1.1197141617
-1.1171953767
5.9066615396
-0.0063412689
-6.7742125802
10.3037616795
10.5246849161
2.1549610462
4.4310796904
2.9592083164
-2.3764185270
2.9502053898
-7.7101114502
8.6191759222
-3.8952579002
9.6598719391
12.5952779542
-2.6490399116
10.4411669638
2.4984971255
1.7604565227
-3.3081091701
8.9023599016
-8.0055838995
3.2687306518
2.0744851844
0.6653799135
3.1495405796
4.8486377522
2.2539163728
12.2022572946
4.1605728518
5.2849715156
6.1292893230
9.8268249080
2.1183807799
-0.1749084919
5.7166531492
4.9485301944
7.2224977334
-6.5509525353
13.9197731110
-1.6339360359
4.6645922227
-0.9760663969
12.5740805074
13.5797776261
-5.6657035454
-5.4899200368
4.4618477589
7.9111232555
6.3621785601
9.3469352423
13.2693865068
15.2482648676
4.5556773872
2.5425783795
-1.6451675855
-14.9657376796
-3.3903263888
-4.4439155427
-0.7703967757
2.1335964910
4.7494103256
-1.5139855627
4.7279267421
-1.3493632152
2.6443090829
3.9177558697
3.9741415163
-0.0325810372
2.7250836577
-1.9420416228
8.6003785464
-3.8611546344
5.0020088398
3.4305311664
4.8798098259
1.5284054827
3.2841977175
-8.5248060991
-1.5515004350
2.6026497991
9.9947222343
12.0095564129
7.4773593214
1.4833658094
3.8422627517
15.4346796424
2.2000907396
2.5450083013
-9.8254246935
17.4147137041
-0.9974537808
5.4757975670
-0.7144245241
7.3748425942
-3.3795601416
-2.1927830586
13.0938485464
6.8212234536
-0.7666567772
-3.4136111741
5.4184131886
6.1849151481
-3.9693994135
2.5674219211
-4.9935076784
-0.3733850500
-0.0181730945
-5.0565707866
-1.7147936369
-2.6002656873
8.8118311596
3.3669190161
-10.8254610743
-0.8356430789
1.6827020892
5.0184570405
6.2753234646
1.4744936345
11.0447207576
0.2633853629
3.5791217441
2.7865546145
-0.8586971177
2.4420095384
3.4946639504
-12.2871446879
9.3738727984
2.5327515346
11.3294881254
11.5205026402
-2.6390893870
-9.2334207872
-0.3653174478
0.1710459641
11.1869264539
-0.0206991298
2.4837796847
-1.0821950966
6.2765070560
-0.8015062132
3.8299227898
2.1974224412
8.6624249515
4.3839791361
9.6417332249
15.5402150470
0.6877778264
-2.9455747404
-2.4483896372
-4.2824551393
-4.8505062181
0.6007433279
6.8612701388
-1.3439491389
-5.0338683609
4.4608441997
-8.4249328654
-0.2600114012
2.8862256659
5.9989368970
-0.4228690963
17.0211960401
-1.8441163853
5.6866299506
-0.3209500645
-0.7100193597
3.1606346701
5.9212804656
-2.7245371818
3.3193851105
-8.2989216424
1.7724877114
2.4558765773
14.4403827857
-7.4082596365
9.1306046961
1.9962437370
-8.4406102203
10.9396796144
11.3556183939
-6.4690040528
2.4384759877
6.6212209593
2.0126233258
-8.5328504970
-6.9427120628
-9.6486095115
-5.8435047147
1.6116088668
-6.5006523010
3.6209638944
0.5210315875
5.1139441797
-2.7385051002
-0.1067022435
-7.9653651032
-1.3046816514
4.1284285895
-0.1473840279
3.8941522576
-10.2281328580
6.7154499575
-1.4260576727
-3.1136033358
-10.6612153300
-4.5928586175
-9.3853612771
1.5754959659
-1.4071181205
-14.7429930802
8.0130160310
-2.8318419365
0.6000266330
2.8076555093
-0.7008171168
1.8196411611
2.1772109599
-7.6757503588
-7.6261893947
-10.5173379100
1.1271661997
-3.9404925643
-0.4678009064
2.5772288528
-4.2983005118
-6.7655930857
-13.4197353752
-0.6017269777
2.3650268784
1.4666345049
-4.9257796903
0.3449541831
-1.4311797186
-5.1266134051
-8.8983510999
-2.8637632631
-3.5941823107
0.0455981085
-4.1165861795
-4.7857997857
-4.5399790841
-3.1747916168
-4.6314579586
-1.3662958285
-1.4530045908
2.2864892152
-8.5035768814
7.2731421872
-9.0340832133
10.7898870442
3.6468377224
-1.5339084132
-0.6867720992
-5.1442068093
1.1022000998
-8.4709259279
6.7886292273
-4.1855143492
2.9688703617
-4.1771564842
3.6366440224
-0.1270975909
0.3280265971
0.1209014907
-1.5166052762
-10.0789306551
-5.0717196243
7.3492605496
3.5924562586
-5.9968158225
-2.6884479310
-7.9940634859
-6.1598080541
3.5414001753
-10.7540024232
-5.3668941985
-4.6432034160
-2.6991021057
-2.7900109145
-4.7572482124
2.8383762853
-3.4692686324
-0.5658923235
5.9574946443
-8.8569307298
-14.2839336892
-3.5368053465
-3.7595959951
-5.7220426016
-10.4791460103
1.9912649769
-8.7107872492
-5.1583960881
9.2014641861
-1.0124166869
-1.3446256432
-7.7221264869
-4.1680569440
-2.2722204536
1.3062714097
0.0504139208
-4.7419070473
-1.9595138886
-4.0339240735
-5.8199120802
-2.8640583004
-1.6853497091
4.5591945540
-4.6825639317
-6.1139603379
0.4769695836
-15.4817831560
-4.7526250983
-2.3014449624
-1.4109178441
-3.5667863648
-4.8335926669
-9.8944089032
-0.9211697427
-9.2577795794
-2.7827360435
-2.5123347972
-2.5371262600
-0.6761266562
-6.6643954905
-9.7873082550
-16.1540556988
9.2265926592
-5.0080753847
-8.6558950071
1.7330729543
4.4784659983
-5.1597902141
-1.7032019352
-16.6709236973
-4.0694832360
-2.9556351752
-1.2253330750
9.3911838079
-13.4428285152
1.1117225073
-2.9932421043
-6.0233191010
3.8203647518
-6.8503501273
-7.2878841378
-2.4182168755
-12.1635294027
-2.3169773438
-6.0461428499
2.0297067111
1.4123175002
1.3617228046
0.3280231432
-1.9477953838
-6.5759078531
-1.4161797045
-9.4653993231
-1.2610807791
-1.9600751124
0.8276248920
3.1824420254
-2.4332651282
-2.5153495581
-4.0524067218
2.3777264884
0.0762614694
3.1547214722
-5.7904514178
-0.1048806028
0.5669103557
-9.8017938881
-12.0659423283
-6.1775578371
-4.9974631200
-6.7821632618
11.3707550174
2.8000114880
-9.9601701919
-4.8158699599
-1.7039499011
-12.5342620351
-5.5011128443
0.3713433693
-6.2702491325
-13.8626605935
4.9173014290
-3.4258290430
-0.6333498265
-8.4568862173
-9.0711227863
-0.1807896397
-1.4786798287
-8.3195334987
-14.7838514912
-9.4522626194
-7.1299171562
-12.8798882601
6.3417624779
3.1843516187
7.2152650915
-7.8068941897
-6.0406963444
-5.0184083255
5.6002954602
-18.7711322574
-15.5814644281
0.0530799868
2.8170118055
-1.6668686503
-5.1953533166
9.2350308417
-1.6794864464
-0.0999966008
-7.9759023167
-11.2610282650
0.0928876880
-2.7592828097
-0.7800276522
-8.8900862269
1.3427083575
1.0635052142
-8.4364764754
-9.4353407445
-1.2097284236
5.4465930501
-4.8228349082
-7.9425735225
-11.1095053977
-6.5778116580
1.2615293761
-2.1252720327
-1.2175378328
-2.2366650390
