200 169 196 201 156 91 185 8 39 123 16 159 231 232 235 37 220 208 210 233 39 114 221 152 175 171 233 175 71 162 216 25 192 31 67 70 119 212 234 179 74 165 22 36 179 151 116 51 216 232 111 25 24 10 180 15 24 92 247 2 106 42 103 208 95 244 173 67 48 165 54 139 125 148 38 71 27 186 159 43 79 169 12 20
6 148 132 175 134 146 61 178 80 48 1 167 20 225 86 27 79 22 244 108 159 134 255 128 160 215 37 13 148 147 236 76 71 172 21 30 177 94 57 206 194 251 250 164 156 3 56 218 62 79 219 198 194 232 121 41 12 223 113 88 175 30 25 133 31 45 75 124 136 201 35 241 66 246 226 0 94 120 216 217 92 44 30 77
255 134 123 56 5 18 229 155 103 153 93 231 5 239 126 156 51 209 186 221 15 202 1 207 240 135 255 234 246 0 195 114 176 224 224 19 175 52 177 67 15 155 242 93 220 0 119 95 135 58 237 101 241 78 22 79 100 72 240 122 4 37 53 115 70 233 121 69 51 171 30 124 83 68 54 173 189 224 171 169 164 34 153 244
174 234 146 37 210 4 150 226 97 105 45 24 209 155 182 40 159 29 199 52 126 98 232 165 86 162 233 139 62 181 112 26 215 117 21 83 70 124 157 193 37 240 184 225 246 71 75 94 13 40 201 97 141 138 156 205 21 66 34 125 234 155 210 55 161 81 247 49 19 121 194 223 9 169 102 5 28 191 30 212 29 234 109 151
105 162 252 164 66 16 95 107 79 132 219 117 216 208 131 208 154 20 156 32 8 49 149 4 135 175 110 196 133 152 104 165 114 36 255 112 216 84 4 117 130 23 216 147 133 237 32 191 43 203 202 242 233 206 63 23 0 174 155 103 89 226 67 236 171 101 104 34 153 42 208 62 158 127 68 192 54 192 188 16 110 88 140 126
153 152 1 226 214 186 70 131 36 85 113 42 141 219 113 122 159 5 240 124 155 66 214 178 96 113 81 149 1 229 191 162 161 102 107 99 68 160 43 28 250 21 152 101 4 171 84 192 159 87 64 73 245 116 177 1 77 226 136 184 223 195 61 87 251 134 81 204 7 90 239 26 69 205 19 181 45 81 156 54 239 38 141 193
88 177 34 83 192 146 75 145 3 127 65 35 247 10 243 34 176 226 28 208 50 56 158 183 19 174 98 167 134 125 60 52 134 20 55 64 65 72 252 167 9 172 60 47 177 209 224 176 94 23 250 221 33 17 95 115 34 192 238 64 80 146 76 105 212 174 145 19 90 50 100 190 149 247 234 215 152 6 70 157 148 67 56 135
119 33 208 123 187 99 136 8 250 204 45 151 239 90 192 60 29 56 166 96 236 243 22 201 144 178 17 66 92 31 177 238 183 54 223 232 10 2 12 22 169 19 161 20 16 232 208 5 136 227 54 47 91 153 202 238 24 253 193 224 241 53 25 68 161 115 40 94 95 124 240 252 206 143 63 217 253 10 129 169 61 183 171 204
146 46 251 154 44 102 62 225 58 193 203 153 208 7 222 190 239 118 234 163 91 17 108 235 207 233 179 164 140 254 161 108 35 34 148 123 198 152 172 10 14 218 226 64 85 65 79 9 31 137 126 97 168 128 181 174 110 16 118 45 205 253 174 136 19 32 224 232 23 226 72 76 203 225 150 186 1 169 156 229 156 237 161 60
248 112 182 23 100 198 92 121 207 174 232 74 18 175 224 193 227 31 54 106 56 31 248 66 67 208 207 232 205 199 28 3 196 43 217 58 218 233 95 49 99 143 241 51 83 141 170 205 15 230 149 174 146 66 170 37 92 198 54 118 53 232 6 106 76 236 193 196 117 71 238 8 181 31 102 146 29 110 185 106 196 78 62 13
68 168 184 178 11 64 216 107 41 187 240 83 140 57 46 146 48 234 98 52 103 249 62 124 93 85 218 125 62 232 32 221 82 247 94 13 59 60 84 176 17 221 234 222 254 11 64 97 142 118 177 191 225 223 207 162 241 16 203 139 170 127 238 138 242 5 222 220 149 168 26 54 250 175 81 198 59 211 84 85 155 109 243 198
41 96 116 143 24 7 121 110 42 133 32 86 165 26 222 232 61 194 135 79 83 189 215 38 119 168 109 203 131 149 188 214 211 173 124 22 223 227 124 100 131 74 170 197 41 158 184 225 185 131 132 34 129 102 242 221 77 54 34 72 65 227 239 54 35 126 36 8 59 225 48 121 173 56 186 12 211 112 201 217 65 68 209 179
124 251 88 197 97 152 126 222 158 156 91 12 81 170 246 252 138 119 101 108 193 88 225 32 45 67 254 147 119 107 228 70 24 22 253 245 179 204 133 205 26 83 243 250 133 197 179 184 89 140 179 61 174 202 78 113 54 188 242 63 105 206 197 242 117 158 8 211 52 231 212 19 32 9 150 106 7 109 84 149 25 132 102 65
30 214 9 122 60 221 28 235 236 117 29 56 63 195 81 16 37 244 110 161 191 115 207 147 22 57 113 48 28 165 143 119 74 134 53 32 98 204 155 112 135 13 14 161 129 244 225 242 211 148 73 158 1 220 229 247 218 12 131 175 193 8 161 63 197 176 170 104 122 55 37 106 60 81 40 238 145 181 84 9 185 242 222 41
40 24 126 106 42 54 81 16 250 246 209 23 67 68 37 134 25 96 2 3 197 228 112 170 160 172 94 114 90 68 173 129 228 129 226 178 31 122 145 242 40 154 58 82 206 14 187 43 48 34 88 181 93 94 103 8 13 223 234 208 223 233 153 108 98 35 67 22 131 84 89 67 223 216 246 7 237 91 17 117 72 135 141 148
34 218 141 9 8 237 132 169 98 92 81 141 90 84 13 41 190 34 163 150 136 244 72 89 202 99 255 217 84 208 133 11 23 73 151 150 169 126 74 94 234 180 238 61 12 27 246 18 145 71 68 91 128 126 182 44 144 16 28 13 213 92 104 125 210 211 194 203 215 223 172 185 138 22 108 101 142 230 98 75 58 22 205 232
209 160 149 20 190 120 65 11 124 46 204 151 193 98 250 83 57 73 12 183 72 233 79 131 34 238 83 212 163 142 50 152 112 250 201 120 249 207 170 207 201 78 230 62 43 100 169 78 204 35 210 69 86 93 223 31 207 219 156 171 235 71 221 194 107 164 104 48 69 102 207 175 24 135 22 54 194 233 190 8 154 31 72 175
92 196 7 228 37 1 78 167 197 219 164 45 86 219 236 138 194 157 130 195 158 189 201 178 231 10 186 107 227 228 240 215 114 78 217 32 44 47 103 151 175 164 241 32 108 54 90 73 137 168 240 13 22 46 57 114 59 140 113 97 149 134 51 16 235 25 37 225 185 34 67 142 146 160 135 171 0 1 54 96 43 214 48 109
163 221 53 227 36 116 191 74 14 15 143 86 121 173 186 147 109 252 224 170 63 115 114 7 235 91 229 33 225 245 37 134 115 114 188 44 73 110 225 14 210 140 178 25 189 211 91 255 91 231 239 253 49 181 49 108 21 238 99 135 155 173 218 202 105 161 175 32 167 68 183 54 43 48 150 161 150 196 156 47 1 240 174 132
56 84 236 5 236 33 178 213 162 124 5 31 167 167 86 104 145 177 131 52 83 202 114 185 172 159 204 194 24 38 45 48 226 225 226 83 212 146 230 247 66 188 56 218 223 221 175 128 175 135 127 112 246 68 233 171 124 95 19 194 49 126 40 45 103 76 238 197 56 28 207 149 249 153 10 232 189 38 24 195 189 9 216 1
106 50 188 250 127 202 139 77 77 133 30 168 111 72 121 89 222 167 193 190 5 139 228 128 209 233 85 78 163 156 26 166 211 255 137 112 71 246 212 123 95 2 226 175 18 41 83 82 9 51 26 63 230 69 216 77 32 217 18 99 146 17 183 79 138 30 128 171 186 24 38 60 92 194 121 101 47 161 193 136 72 86 72 40
54 103 21 64 193 43 127 206 78 20 243 217 56 199 162 70 61 214 151 161 200 179 181 89 210 195 36 52 202 155 197 142 226 132 217 75 230 49 75 143 157 124 93 97 188 148 196 240 237 81 249 11 150 133 14 7 9 100 42 49 14 178 136 136 197 109 44 90 3 77 41 61 59 121 9 166 164 54 109 79 9 177 212 142
138 181 231 201 226 11 187 148 233 222 127 136 79 84 80 86 11 78 220 23 226 42 185 68 205 188 252 95 37 134 199 143 35 252 249 225 186 250 86 203 87 135 113 24 77 220 233 113 193 15 31 56 83 206 96 30 107 177 156 134 251 217 202 160 72 23 210 193 241 23 117 180 127 84 224 175 24 125 7 37 97 147 143 85
