200 6 255 174 105 153 88 119 146 248 68 41 124 30 40 34 209 92 163 56 106 54 138
169 148 134 234 162 152 177 33 46 112 168 96 251 214 24 218 160 196 221 84 50 103 181
196 132 123 146 252 1 34 208 251 182 184 116 88 9 126 141 149 7 53 236 188 21 231
201 175 56 37 164 226 83 123 154 23 178 143 197 122 106 9 20 228 227 5 250 64 201
156 134 5 210 66 214 192 187 44 100 11 24 97 60 42 8 190 37 36 236 127 193 226
91 146 18 4 16 186 146 99 102 198 64 7 152 221 54 237 120 1 116 33 202 43 11
185 61 229 150 95 70 75 136 62 92 216 121 126 28 81 132 65 78 191 178 139 127 187
8 178 155 226 107 131 145 8 225 121 107 110 222 235 16 169 11 167 74 213 77 206 148
39 80 103 97 79 36 3 250 58 207 41 42 158 236 250 98 124 197 14 162 77 78 233
123 48 153 105 132 85 127 204 193 174 187 133 156 117 246 92 46 219 15 124 133 20 222
16 1 93 45 219 113 65 45 203 232 240 32 91 29 209 81 204 164 143 5 30 243 127
159 167 231 24 117 42 35 151 153 74 83 86 12 56 23 141 151 45 86 31 168 217 136
231 20 5 209 216 141 247 239 208 18 140 165 81 63 67 90 193 86 121 167 111 56 79
232 225 239 155 208 219 10 90 7 175 57 26 170 195 68 84 98 219 173 167 72 199 84
235 86 126 182 131 113 243 192 222 224 46 222 246 81 37 13 250 236 186 86 121 162 80
37 27 156 40 208 122 34 60 190 193 146 232 252 16 134 41 83 138 147 104 89 70 86
220 79 51 159 154 159 176 29 239 227 48 61 138 37 25 190 57 194 109 145 222 61 11
208 22 209 29 20 5 226 56 118 31 234 194 119 244 96 34 73 157 252 177 167 214 78
210 244 186 199 156 240 28 166 234 54 98 135 101 110 2 163 12 130 224 131 193 151 220
233 108 221 52 32 124 208 96 163 106 52 79 108 161 3 150 183 195 170 52 190 161 23
39 159 15 126 8 155 50 236 91 56 103 83 193 191 197 136 72 158 63 83 5 200 226
114 134 202 98 49 66 56 243 17 31 249 189 88 115 228 244 233 189 115 202 139 179 42
221 255 1 232 149 214 158 22 108 248 62 215 225 207 112 72 79 201 114 114 228 181 185
152 128 207 165 4 178 183 201 235 66 124 38 32 147 170 89 131 178 7 185 128 89 68
175 160 240 86 135 96 19 144 207 67 93 119 45 22 160 202 34 231 235 172 209 210 205
171 215 135 162 175 113 174 178 233 208 85 168 67 57 172 99 238 10 91 159 233 195 188
233 37 255 233 110 81 98 17 179 207 218 109 254 113 94 255 83 186 229 204 85 36 252
175 13 234 139 196 149 167 66 164 232 125 203 147 48 114 217 212 107 33 194 78 52 95
71 148 246 62 133 1 134 92 140 205 62 131 119 28 90 84 163 227 225 24 163 202 37
162 147 0 181 152 229 125 31 254 199 232 149 107 165 68 208 142 228 245 38 156 155 134
216 236 195 112 104 191 60 177 161 28 32 188 228 143 173 133 50 240 37 45 26 197 199
25 76 114 26 165 162 52 238 108 3 221 214 70 119 129 11 152 215 134 48 166 142 143
192 71 176 215 114 161 134 183 35 196 82 211 24 74 228 23 112 114 115 226 211 226 35
31 172 224 117 36 102 20 54 34 43 247 173 22 134 129 73 250 78 114 225 255 132 252
67 21 224 21 255 107 55 223 148 217 94 124 253 53 226 151 201 217 188 226 137 217 249
70 30 19 83 112 99 64 232 123 58 13 22 245 32 178 150 120 32 44 83 112 75 225
119 177 175 70 216 68 65 10 198 218 59 223 179 98 31 169 249 44 73 212 71 230 186
212 94 52 124 84 160 72 2 152 233 60 227 204 204 122 126 207 47 110 146 246 49 250
234 57 177 157 4 43 252 12 172 95 84 124 133 155 145 74 170 103 225 230 212 75 86
179 206 67 193 117 28 167 22 10 49 176 100 205 112 242 94 207 151 14 247 123 143 203
74 194 15 37 130 250 9 169 14 99 17 131 26 135 40 234 201 175 210 66 95 157 87
165 251 155 240 23 21 172 19 218 143 221 74 83 13 154 180 78 164 140 188 2 124 135
22 250 242 184 216 152 60 161 226 241 234 170 243 14 58 238 230 241 178 56 226 93 113
36 164 93 225 147 101 47 20 64 51 222 197 250 161 82 61 62 32 25 218 175 97 24
179 156 220 246 133 4 177 16 85 83 254 41 133 129 206 12 43 108 189 223 18 188 77
151 3 0 71 237 171 209 232 65 141 11 158 197 244 14 27 100 54 211 221 41 148 220
116 56 119 75 32 84 224 208 79 170 64 184 179 225 187 246 169 90 91 175 83 196 233
51 218 95 94 191 192 176 5 9 205 97 225 184 242 43 18 78 73 255 128 82 240 113
216 62 135 13 43 159 94 136 31 15 142 185 89 211 48 145 204 137 91 175 9 237 193
232 79 58 40 203 87 23 227 137 230 118 131 140 148 34 71 35 168 231 135 51 81 15
111 219 237 201 202 64 250 54 126 149 177 132 179 73 88 68 210 240 239 127 26 249 31
25 198 101 97 242 73 221 47 97 174 191 34 61 158 181 91 69 13 253 112 63 11 56
24 194 241 141 233 245 33 91 168 146 225 129 174 1 93 128 86 22 49 246 230 150 83
10 232 78 138 206 116 17 153 128 66 223 102 202 220 94 126 93 46 181 68 69 133 206
180 121 22 156 63 177 95 202 181 170 207 242 78 229 103 182 223 57 49 233 216 14 96
15 41 79 205 23 1 115 238 174 37 162 221 113 247 8 44 31 114 108 171 77 7 30
24 12 100 21 0 77 34 24 110 92 241 77 54 218 13 144 207 59 21 124 32 9 107
92 223 72 66 174 226 192 253 16 198 16 54 188 12 223 16 219 140 238 95 217 100 177
247 113 240 34 155 136 238 193 118 54 203 34 242 131 234 28 156 113 99 19 18 42 156
2 88 122 125 103 184 64 224 45 118 139 72 63 175 208 13 171 97 135 194 99 49 134
106 175 4 234 89 223 80 241 205 53 170 65 105 193 223 213 235 149 155 49 146 14 251
42 30 37 155 226 195 146 53 253 232 127 227 206 8 233 92 71 134 173 126 17 178 217
103 25 53 210 67 61 76 25 174 6 238 239 197 161 153 104 221 51 218 40 183 136 202
208 133 115 55 236 87 105 68 136 106 138 54 242 63 108 125 194 16 202 45 79 136 160
95 31 70 161 171 251 212 161 19 76 242 35 117 197 98 210 107 235 105 103 138 197 72
244 45 233 81 101 134 174 115 32 236 5 126 158 176 35 211 164 25 161 76 30 109 23
173 75 121 247 104 81 145 40 224 193 222 36 8 170 67 194 104 37 175 238 128 44 210
67 124 69 49 34 204 19 94 232 196 220 8 211 104 22 203 48 225 32 197 171 90 193
48 136 51 19 153 7 90 95 23 117 149 59 52 122 131 215 69 185 167 56 186 3 241
165 201 171 121 42 90 50 124 226 71 168 225 231 55 84 223 102 34 68 28 24 77 23
54 35 30 194 208 239 100 240 72 238 26 48 212 37 89 172 207 67 183 207 38 41 117
139 241 124 223 62 26 190 252 76 8 54 121 19 106 67 185 175 142 54 149 60 61 180
125 66 83 9 158 69 149 206 203 181 250 173 32 60 223 138 24 146 43 249 92 59 127
148 246 68 169 127 205 247 143 225 31 175 56 9 81 216 22 135 160 48 153 194 121 84
38 226 54 102 68 19 234 63 150 102 81 186 150 40 246 108 22 135 150 10 121 9 224
71 0 173 5 192 181 215 217 186 146 198 12 106 238 7 101 54 171 161 232 101 166 175
27 94 189 28 54 45 152 253 1 29 59 211 7 145 237 142 194 0 150 189 47 164 24
186 120 224 191 192 81 6 10 169 110 211 112 109 181 91 230 233 1 196 38 161 54 125
159 216 171 30 188 156 70 129 156 185 84 201 84 84 17 98 190 54 156 24 193 109 7
43 217 169 212 16 54 157 169 229 106 85 217 149 9 117 75 8 96 47 195 136 79 37
79 92 164 29 110 239 148 61 156 196 155 65 25 185 72 58 154 43 1 189 72 9 97
169 44 34 234 88 38 67 183 237 78 109 68 132 242 135 22 31 214 240 9 86 177 147
12 30 153 109 140 141 56 171 161 62 243 209 102 222 141 205 72 48 174 216 72 212 143
20 77 244 151 126 193 135 204 60 13 198 179 65 41 148 232 175 109 132 1 40 142 85
