    0.138782
     0.34507
    0.306801
    0.397683
   0.0485406
    0.906874
    0.515868
     0.89449
   0.0543143
    0.591207
    0.966681
    0.163292
    0.578055
     0.55912
     0.49844
    0.531285
    0.507796
    0.379482
    0.566828
    0.953673
   0.0489316
    0.461557
    0.149467
    0.532515
    0.100328
    0.445379
    0.244761
     0.90212
    0.251442
     0.41708
    0.372144
    0.213478
    0.148163
   0.0251489
    0.872188
   0.0488974
    0.527548
    0.955259
    0.871163
    0.254246
  0.00303654
   0.0375766
    0.311196
    0.296636
    0.256337
    0.457412
   0.0796968
    0.515818
    0.440519
    0.785382
    0.443316
    0.435976
     0.40718
    0.522892
    0.518492
    0.785219
    0.226881
    0.137375
   0.0796363
    0.761498
    0.484849
    0.269213
   0.0255023
   0.0852581
    0.193374
    0.298836
    0.167819
    0.990981
    0.358782
    0.246882
    0.265505
    0.958687
      0.3918
    0.534239
    0.564155
    0.131784
    0.283771
    0.182198
    0.480203
    0.258053
    0.930051
   0.0758378
      0.4249
   0.0469874
    0.248683
    0.275251
     0.33309
    0.561277
    0.545823
    0.125861
    0.331707
    0.545847
   0.0634325
   0.0399201
    0.210153
     0.12592
   0.0237661
    0.783449
    0.367277
    0.312238
     0.75686
    0.977979
    0.359143
    0.581413
    0.184419
    0.164176
    0.452858
    0.573369
    0.530077
    0.204369
   0.0435144
    0.666134
    0.440217
    0.669824
    0.080538
    0.212838
     0.40257
    0.397311
    0.755231
    0.140286
    0.265151
    0.786307
    0.630769
    0.960252
   0.0887116
    0.137559
    0.119596
    0.309241
    0.712765
    0.794653
    0.971313
    0.930008
    0.709191
   0.0659919
    0.760312
    0.640923
     0.68399
    0.852327
    0.704367
   0.0162221
    0.627285
     0.92351
    0.249021
     0.85835
    0.777492
    0.635367
      0.5041
   0.0942242
    0.780639
    0.579969
    0.756036
    0.450433
    0.382088
    0.279448
    0.394727
    0.253171
   0.0791057
   0.0558838
   0.0539617
    0.174014
     0.19399
    0.174616
    0.696789
    0.474309
    0.315993
    0.618698
    0.697306
    0.699554
    0.431584
    0.739934
    0.807759
   0.0427829
    0.909113
    0.131584
    0.716689
    0.829866
    0.857137
    0.289691
    0.209089
    0.700009
    0.205786
   0.0856487
    0.305677
    0.399676
    0.248195
   0.0152674
    0.476309
    0.986087
    0.152044
    0.600415
    0.844537
    0.777339
   0.0618616
     0.26928
     0.73858
    0.346524
   0.0487323
    0.662417
     0.21893
    0.486229
   0.0065639
   0.0639686
    0.886626
    0.196519
    0.970809
    0.233791
    0.382318
   0.0760477
    0.232154
    0.290457
   0.0765125
      0.1552
    0.537731
    0.308766
   0.0882943
    0.519095
     0.88323
   0.0907335
    0.312777
    0.468201
   0.0593687
    0.974243
    0.233607
    0.115285
    0.882723
   0.0844933
    0.258656
    0.798425
    0.617307
    0.512364
    0.451734
    0.442897
    0.749599
   0.0021943
    0.210294
    0.560233
    0.182481
    0.340354
      0.9261
    0.386014
    0.350868
    0.564924
    0.837913
   0.0798779
    0.989563
    0.267496
    0.202489
    0.495492
     0.33429
    0.345512
    0.608943
     0.14849
    0.850166
   0.0323193
    0.578748
    0.145679
    0.279224
    0.039799
    0.288042
    0.406418
     0.99647
   0.0233268
  0.00347891
    0.725001
    0.178768
    0.978183
    0.572595
   0.0564911
    0.267148
    0.831989
    0.948308
    0.272819
   0.0647239
    0.161869
    0.778877
      0.7203
    0.364393
     0.65329
    0.271234
    0.557528
    0.360639
    0.295661
    0.563149
     0.39861
    0.961593
    0.253524
    0.794915
   0.0676627
    0.799089
    0.312349
    0.999803
    0.789429
    0.320128
    0.141117
    0.115523
    0.208767
    0.230734
   0.0711915
    0.834454
    0.555273
     0.67451
    0.782383
    0.789827
  0.00872078
    0.424286
    0.502427
    0.741309
    0.387318
   0.0786023
    0.465705
    0.744959
     0.17813
    0.226689
     0.48709
    0.685359
    0.235187
    0.855239
    0.601831
    0.613456
    0.920189
    0.724192
    0.106809
    0.210614
     0.67928
    0.110602
    0.590629
    0.134104
    0.140615
    0.533005
     0.17425
    0.835594
    0.703149
    0.605838
    0.613738
   0.0717798
  0.00379737
    0.712633
     0.67523
    0.695749
    0.896419
    0.183661
    0.641119
    0.259332
    0.083942
   0.0265763
    0.190741
    0.076071
    0.524837
     0.19835
    0.203166
   0.0365692
    0.744379
    0.593412
    0.282383
   0.0528464
    0.729063
    0.729506
    0.692299
    0.739936
    0.337564
     0.27339
   0.0918328
   0.0472049
    0.894115
    0.216486
    0.799818
   0.0821141
   0.0602225
    0.820189
    0.265794
    0.964803
   0.0375644
   0.0989094
    0.502349
    0.377429
    0.121903
    0.257255
    0.888016
    0.760294
      0.5019
    0.954246
   0.0540571
   0.0114773
    0.113803
    0.941361
     0.67308
   0.0540818
    0.689293
    0.891675
    0.322441
    0.606621
  0.00301905
    0.654911
    0.826655
   0.0489083
    0.152649
    0.276477
    0.884162
    0.721892
    0.707648
    0.570836
   0.0647325
   0.0803014
    0.228536
    0.652376
      0.6144
   0.0558135
    0.670753
    0.884159
    0.286712
    0.375935
    0.802591
    0.599886
    0.309045
    0.378469
    0.924608
   0.0606779
   0.0564765
   0.0991778
    0.323877
    0.794583
    0.240713
    0.510683
    0.101533
   0.0138461
   0.0334983
    0.430421
   0.0923279
   0.0344813
    0.562141
    0.345061
    0.123405
  0.00772295
    0.206841
    0.857382
    0.382393
    0.406302
    0.942618
    0.279559
    0.687239
    0.929716
   0.0041048
    0.197008
  0.00174509
    0.107628
    0.383358
    0.210839
    0.102398
    0.230964
    0.681162
    0.447269
    0.255271
    0.723176
   0.0310838
    0.176704
    0.754019
    0.125841
     0.22979
    0.994154
     0.44274
   0.0044959
    0.527909
  0.00213479
    0.112107
    0.831565
    0.133853
    0.625923
    0.560938
    0.768277
   0.0479339
     0.29649
    0.211994
   0.0688492
    0.497023
   0.0608657
    0.418183
    0.126169
    0.694863
    0.145341
   0.0733403
   0.0688292
    0.105365
   0.0816902
    0.446098
   0.0150081
    0.236189
     0.33006
  0.00859253
    0.412411
    0.241579
      0.4728
    0.222804
    0.424403
   0.0698778
    0.826585
    0.536855
    0.182574
    0.358431
    0.331675
    0.803117
    0.567519
   0.0674499
   0.0998302
   0.0208238
    0.219217
    0.823123
    0.302572
    0.378815
   0.0835355
    0.268052
    0.384315
    0.388607
    0.327657
    0.311408
    0.289192
    0.892091
    0.104034
    0.521143
   0.0462427
   0.0597054
   0.0159714
    0.685813
    0.256848
   0.0932493
    0.278943
    0.235623
    0.560805
     0.33785
    0.185934
    0.245946
   0.0400483
    0.702202
    0.365685
     0.14052
    0.360529
    0.393689
    0.630904
   0.0421519
    0.530168
    0.396729
    0.867095
    0.427626
    0.109656
    0.727572
    0.217698
    0.789964
    0.878996
     0.98271
    0.114209
    0.646842
    0.810013
     0.52912
    0.240103
   0.0559928
    0.499527
    0.133184
    0.126555
    0.255257
    0.543487
    0.717701
    0.598541
    0.235239
   0.0642862
    0.773937
    0.350915
    0.550635
    0.142998
    0.080679
    0.848682
     0.36327
    0.234291
    0.269429
   0.0680375
    0.652145
      0.1174
    0.287686
     0.26676
    0.280254
    0.484638
    0.928594
    0.253354
    0.531065
   0.0227092
    0.910451
    0.369311
    0.178775
    0.603919
    0.661592
    0.352435
    0.869495
    0.260934
     0.30762
   0.0185135
  0.00123475
   0.0754296
    0.314483
   0.0891143
    0.497142
     0.44188
    0.163499
    0.464234
   0.0711479
   0.0213709
    0.319875
    0.767936
     0.13368
    0.584533
    0.574308
    0.824448
    0.874284
    0.441656
   0.0833094
   0.0250739
     0.51207
    0.272537
     0.39951
  0.00807721
    0.320417
    0.109038
      0.6541
   0.0898335
     0.12151
    0.801043
    0.934503
    0.377011
     0.89938
    0.317364
    0.878786
    0.163402
     0.52359
    0.119214
    0.056713
    0.275544
    0.909454
    0.902525
    0.319234
    0.574756
    0.496199
      0.4868
    0.748666
    0.299321
     0.30818
  0.00121171
    0.397659
    0.114628
    0.542468
    0.736661
    0.137547
     0.15214
    0.491804
    0.648741
    0.181749
    0.106397
    0.793104
    0.252909
    0.867478
    0.422576
    0.762181
    0.121436
   0.0111433
    0.902441
    0.310901
   0.0260675
    0.975052
    0.173669
    0.665987
    0.367602
    0.311685
    0.169764
    0.819493
    0.298474
    0.722722
    0.435843
    0.391665
    0.244793
    0.215821
   0.0302819
    0.353858
    0.206581
    0.166114
    0.412957
    0.262516
    0.955893
  0.00194571
   0.0200921
    0.152259
    0.239752
     0.24902
    0.902603
       0.212
    0.235576
   0.0431171
    0.880287
   0.0143508
    0.281971
    0.122437
   0.0215607
   0.0427461
    0.540952
    0.109182
    0.451832
    0.156084
    0.153906
   0.0686585
    0.418921
   0.0926188
    0.019268
    0.330884
    0.429036
    0.013275
    0.827595
    0.288305
   0.0179585
    0.302967
   0.0866732
     0.16413
    0.328402
    0.681789
    0.677993
    0.180482
    0.123225
    0.270279
    0.518126
    0.236914
    0.721554
   0.0241012
    0.927541
    0.495215
    0.131676
   0.0203437
    0.233897
     0.34639
    0.215743
    0.908353
    0.199515
    0.725134
    0.201666
    0.391776
    0.921619
   0.0504211
   0.0124176
    0.748504
    0.188234
    0.374043
    0.652018
    0.953444
    0.893969
    0.149219
   0.0789659
   0.0469359
    0.205587
    0.774678
     0.14838
   0.0832902
    0.633367
    0.109873
    0.750675
    0.814469
    0.883587
    0.305422
    0.521902
    0.171606
    0.383956
    0.412769
    0.160125
    0.253863
    0.634721
    0.650372
    0.497765
    0.197594
   0.0349672
    0.525468
   0.0514584
    0.863901
   0.0378105
    0.351347
    0.652123
    0.695434
     0.51353
    0.423208
    0.403723
    0.327432
    0.110298
    0.156278
    0.289714
    0.881657
    0.650038
    0.122059
    0.509428
     0.27073
    0.882405
    0.103239
     0.89195
     0.14904
    0.755548
    0.269163
      0.3216
    0.108353
    0.671159
    0.724098
   0.0278336
   0.0732176
    0.139499
    0.651983
    0.270237
    0.145248
    0.509618
    0.423901
    0.175951
    0.362795
    0.496157
   0.0372948
    0.225597
    0.330195
   0.0425304
   0.0621187
    0.119721
    0.294655
    0.721669
    0.291735
    0.594701
    0.204814
    0.191032
   0.0384838
    0.338201
     0.28473
    0.140478
    0.364893
   0.0608332
    0.636803
     0.10342
    0.326047
    0.283172
     0.16325
    0.170662
    0.188948
    0.729928
    0.621181
    0.400478
    0.410914
    0.794954
   0.0158334
    0.395319
   0.0871697
   0.0797707
    0.827779
    0.477546
    0.750548
    0.234773
    0.177554
    0.406779
    0.592298
   0.0440827
    0.163951
    0.770754
    0.186214
    0.123364
   0.0832642
    0.017761
    0.409592
    0.841764
   0.0241481
   0.0252165
    0.603977
    0.161522
    0.595287
    0.539041
    0.563284
    0.649333
    0.704555
    0.677499
   0.0884873
    0.287553
    0.404818
     0.19978
    0.551754
  0.00859405
    0.826963
    0.405059
   0.0222512
    0.702932
    0.267659
    0.163546
    0.625958
    0.801702
    0.637972
    0.101041
    0.442457
   0.0429068
    0.408308
     0.64152
    0.801423
    0.882396
    0.977383
    0.802792
    0.138438
    0.607165
      0.2216
      0.3824
   0.0271115
  0.00105975
    0.854666
    0.170536
    0.206697
    0.553585
    0.148634
    0.713246
    0.515415
    0.533143
    0.676027
    0.488746
    0.254183
    0.157617
    0.248164
    0.276143
   0.0350464
    0.263564
    0.154956
    0.368546
    0.756803
    0.993618
    0.191171
    0.690481
    0.147144
    0.735884
    0.229268
     0.40783
     0.25255
    0.530019
    0.631791
    0.012513
  0.00709871
    0.135887
   0.0538455
    0.695534
   0.0409646
    0.631263
    0.670327
    0.369501
    0.334038
    0.649891
   0.0194752
       0.167
    0.387513
    0.157484
   0.0742838
    0.140673
    0.771685
    0.361686
    0.298133
    0.861766
   0.0711486
    0.392589
    0.116958
    0.599096
    0.107719
    0.926524
    0.389541
    0.659038
   0.0746753
   0.0348959
   0.0819284
    0.778019
   0.0434009
    0.271858
    0.113603
   0.0491084
     0.83084
    0.180172
    0.382393
    0.793329
   0.0467604
   0.0426866
    0.344485
   0.0256776
    0.215945
   0.0578312
   0.0299473
   0.0156905
   0.0511048
    0.988729
    0.396049
    0.250345
    0.498326
  0.00769159
    0.406039
    0.596152
    0.398718
    0.919289
    0.685164
    0.577175
    0.536059
    0.519046
  0.00872892
    0.318204
     0.52413
    0.576507
   0.0360131
    0.186627
    0.180557
