-8.26618427e-01
-7.13395922e-01
-8.38214829e-01
-9.01359209e-01
-9.91970503e-01
-4.14822637e-01
-9.11068991e-01
-7.14545473e-01
-2.34353100e-02
-3.30490594e-01
-3.88396871e-01
-9.21677748e-01
-7.42081068e-01
-4.09062506e-01
-4.66473243e-01
-5.71240769e-01
-4.18167187e-01
-4.72355873e-01
-8.38661936e-01
-8.66904756e-01
-3.63789974e-01
-9.67922694e-01
-3.97340130e-01
-3.01680155e-01
-1.20842498e-01
-8.13149695e-01
-3.39785347e-01
-2.58790725e-01
-6.11081583e-01
-7.93920109e-02
-2.61423471e-01
-8.89595911e-01
-3.04609133e-01
-6.94629218e-01
-2.02471325e-01
-7.43057497e-01
-9.01389220e-01
-1.97476182e-01
-3.88511097e-01
-9.35182992e-01
-2.69168385e-01
-1.63166799e-01
-1.50364032e-01
-7.83865282e-01
-2.36185120e-01
-1.22196097e-01
1.73494093e-01
9.00534960e-01
4.44923002e-01
8.21761410e-01
1.21321514e-01
4.19764520e-01
8.30725133e-01
9.44636870e-01
3.60487542e-01
1.01385407e-01
9.47270019e-01
2.30601622e-01
9.29870898e-01
2.01554327e-01
4.54061145e-01
4.47858009e-01
8.64317788e-01
3.70694942e-01
7.36191111e-01
6.19589138e-01
8.21837382e-02
3.07077186e-02
2.33017069e-01
8.10094742e-01
7.14419123e-01
4.10538197e-01
1.08761451e-01
7.06621117e-01
6.77870664e-01
7.93775415e-01
9.16219199e-01
5.52601906e-01
9.44860357e-01
5.56866800e-01
4.37109255e-01
8.78833916e-01
5.55253560e-01
6.46401255e-01
4.43785369e-01
7.28682298e-01
1.20158123e-01
8.74229167e-01
5.76974362e-01
6.13464538e-01
2.38500208e-01
5.28897593e-01
