-1.985397006492435334e+00
-1.942265217899520113e+00
-1.941992776379037888e+00
-1.893515555097646796e+00
-1.878416621473359971e+00
-1.783197541180177925e+00
-1.769133847143477212e+00
-1.768748461904592784e+00
-1.763307271692358569e+00
-1.747506599056331211e+00
-1.666360314426679423e+00
-1.600828829383635465e+00
-1.572177296637814692e+00
-1.545016929054028321e+00
-1.470989017876276339e+00
-1.408562252506351697e+00
-1.358998459683322224e+00
-1.345179625557761049e+00
-1.338927747134550206e+00
-1.258811382866485307e+00
-1.189518585603957401e+00
-1.163393400445575043e+00
-1.132220849982787048e+00
-1.085543285811258585e+00
-1.011692249347905470e+00
-9.893261635178220992e-01
-9.609023347076193211e-01
-9.483511813425868908e-01
-9.421465543822429289e-01
-9.046027665100027093e-01
-8.683626141945004484e-01
-8.654500003844662892e-01
-8.509214254320895954e-01
-8.041923709582530222e-01
-7.637547106862263568e-01
-7.422958705568696303e-01
-7.238977536757773557e-01
-5.738188078240056278e-01
-5.134644302748712086e-01
-4.786097757428167121e-01
-4.637661914191868462e-01
-4.627451552041694782e-01
-4.403102855295526474e-01
-4.217220733363045149e-01
-3.449315189685471239e-01
-3.239576191960495954e-01
-2.563637845188067033e-01
-2.502016401851498983e-01
-2.144522261944681318e-01
-1.854735006773373662e-01
-1.400494395531044489e-01
-1.315626781918721733e-01
-5.306943694404386846e-02
-5.235979694882963997e-02
-1.542707347205229951e-02
5.824028380740919886e-03
1.079259579337947805e-01
1.734512305996616099e-01
1.921642328423036616e-01
2.430848796887552510e-01
2.933557599059666288e-01
3.082827539091392843e-01
3.200421500822780985e-01
4.044470913878663865e-01
4.250509019931207888e-01
4.497884563371092881e-01
5.184608490498963107e-01
5.321828846708922534e-01
5.353094101925419679e-01
5.703402192260060843e-01
5.824390334349303089e-01
6.614685686966921274e-01
6.748661862911005116e-01
6.846406788636802965e-01
7.156569896985374157e-01
7.579266070874997041e-01
7.827015829203021191e-01
8.359306729444986317e-01
8.660320013459186228e-01
8.834952474466897243e-01
9.200345225105781566e-01
9.599242749180731948e-01
9.862078865934358340e-01
1.068044794677291964e+00
1.099800427501353983e+00
1.356256675565652436e+00
1.388272770725946792e+00
1.433823252175352003e+00
1.434742024639440672e+00
1.455929952574829489e+00
1.535024681292982418e+00
1.569489316458030359e+00
1.569862285894967791e+00
1.665417460379312597e+00
1.675788856202883093e+00
1.694565134985596799e+00
1.761070245181930893e+00
1.816554237072924405e+00
1.863693438065437746e+00
1.935020256688270379e+00
