2.930347576400018639e+00
9.818686505333067416e+00
9.770739605572543951e+00
6.873307411926963262e+00
4.524304590676347715e+00
2.687774873766835881e+00
2.286970915807879923e+00
6.850411193297126999e+00
5.066365065222648845e+00
3.221632613529651579e+00
5.415783724177677172e+00
8.268298303193043708e+00
1.318617492920814982e-01
6.433781860748214676e+00
2.544354433563237095e+00
5.784357316781001401e+00
6.004094745835546476e+00
2.088352529087369458e+00
9.089899026693386119e+00
4.770065714788831457e+00
6.536621824367120581e+00
8.065220778914559574e+00
9.340945531926289291e+00
3.725428382722462128e-01
6.491440262005463424e+00
8.970417958620853227e+00
6.136289194149116888e+00
7.101150726097365862e+00
2.281715214043989803e+00
6.095042052142956912e+00
