-8.600337512876116142e-02
-1.042659597182861997e-01
5.913965660598660690e-02
-3.017491715931279184e-01
9.699361081775593335e-03
-3.008429671204653766e-01
-2.184212697220975358e-02
-2.022741663495772890e-01
3.106406987726056251e-02
-4.003152890430502348e-02
1.920233836636016378e-02
3.834498669126096965e-03
5.514553188886767154e-02
4.994286826076876906e-02
-6.167114687820760000e-03
-1.080226967808058519e-01
-5.528516156425793832e-02
1.117813236648051850e-01
2.214310327771197295e-01
1.095506107298200582e-01
-8.352536206510795258e-02
-8.544655452750590796e-02
-5.561584060118156259e-02
-8.831862092316880575e-02
4.518815258503001975e-02
2.679281611183927103e-02
-9.514402192675680547e-02
-2.357143797356052797e-02
4.869605543596110253e-02
3.835093690342825101e-02
-8.530913301981193908e-02
1.107084905217121940e-01
1.492161127758723504e-01
3.444822777840952366e-01
1.886123197258020023e-01
1.715813527982342768e-01
1.461153617910864733e-01
-3.428695857821214554e-01
-4.717582782018317489e-02
-1.624426406144971469e-01
-1.891644978593074178e-01
-3.828122656124798295e-01
-1.660859567456176022e-01
-1.069138949364272645e-01
-4.173955260525240019e-01
-3.528912142663639950e-02
3.624191761042588888e-01
3.013727212429641589e-01
4.815849751527190303e-01
4.785800355326952915e-01
9.032689372099188541e-01
7.429889915774454678e-01
1.024682763245349904e+00
1.021247895758832458e+00
9.420947197750406676e-01
9.947802212880865191e-01
7.427676566419441073e-01
3.576961734842342144e-01
6.679555181840970413e-01
1.469618377088064698e-01
1.075156267210310157e-01
-5.970779466091648974e-02
7.437826703172469023e-02
-3.034193775366009205e-02
-2.850207345076842813e-01
-1.975916016136513575e-01
-4.063124003153654185e-01
-1.079332779174891482e-01
-3.534567705191786757e-01
-1.401783692757858912e-02
-1.319688235630103179e-01
1.091831553061330118e-01
-3.586240589130450240e-03
2.454972621067684768e-01
1.289663254523528146e-01
-9.136905512435397614e-02
1.959095581923292473e-01
9.806676291191521178e-02
3.617426630352726935e-02
5.747447254005116912e-02
5.353060361547453544e-02
1.051580597054788541e-01
-4.035210612714338480e-02
-1.046902323235079924e-03
-2.082234732851337977e-01
1.838409790823049561e-01
4.240821081767968265e-02
9.175302607498625473e-02
9.172133398034601481e-02
1.329841522285454825e-01
3.598738916010620903e-01
-1.289006471629877137e-01
-5.140301772326900942e-02
-7.014617753060919947e-02
-1.000326515201594990e-01
-1.566920508610560314e-01
-2.501913560642338163e-01
-6.675536134971783719e-02
-4.762584026533248083e-02
4.665225132383048895e-02
