9.440537280738000803e+00
3.105395247088397426e+01
3.442748151336935081e+01
2.547827243359069627e+01
1.240443712879060989e+01
1.315171328806478357e+01
8.562305999048440697e+00
2.300983478279663075e+01
1.713034338769985609e+01
1.081786466392936141e+01
1.363514795865112106e+01
2.590113248560010817e+01
1.704100589015724587e+00
2.285002134782798322e+01
1.018372359757522183e+01
1.755650419817474628e+01
2.021291122933581264e+01
8.985091232482435686e+00
3.236293519128597040e+01
1.742208573513624970e+01
2.306439983384410652e+01
2.567301646941455928e+01
3.142207335275514524e+01
1.940529998874585882e+00
2.032477647851221647e+01
2.498061612765298989e+01
1.879700359648121477e+01
2.448521391464665697e+01
1.148123777842205939e+01
2.167269811821778802e+01
