     15.1914
     16.7272
     10.5749
     9.44136
     17.8603
     14.0223
     17.9539
     10.9019
     12.4325
     13.1157
     11.8867
     17.4348
     17.8207
      11.234
     14.5768
     18.7899
     11.0433
     10.9311
     16.7917
     9.83215
     18.4204
     12.0235
     14.5416
     16.8638
     13.7723
     16.0116
     17.5721
     18.0701
     9.75483
     18.5352
     11.1371
      13.413
     15.8673
     17.3211
      16.764
      14.762
     12.1075
     18.4159
     17.6022
     14.9617
     13.5956
     12.4007
     14.3523
     15.1329
     17.7596
     14.9062
     10.3302
     17.3614
     11.3547
     17.1594
     14.1946
      18.251
     18.6548
     12.0692
     18.1181
     17.0658
     17.8437
     14.7405
     14.3758
     10.9382
      10.144
     16.7756
      10.474
     14.6427
     15.2951
     9.64842
     12.5478
     14.6366
     15.1569
     14.6481
     16.8808
     15.7059
     15.3869
     13.9772
     16.3075
     9.65698
     16.1529
      10.891
     13.5461
     14.3216
     14.3412
     17.4474
     16.7261
     15.7573
     10.2051
     11.6376
     13.9396
     18.6672
     18.4644
     13.4598
     15.9593
      9.7216
     16.6766
     9.73254
     12.1489
     14.8652
     18.7814
     18.6132
      16.237
     11.8155
     11.1343
     13.0305
     12.4287
     15.4785
     17.6343
     14.8485
     16.0833
     18.0892
     14.1876
     15.2009
     17.2722
     13.8422
     13.1335
     17.7104
     11.0021
     17.1293
     15.0248
     15.1544
     15.6699
      16.613
      12.706
     13.2274
     17.6983
     18.1652
     16.2931
     16.7596
     10.9106
     10.0798
     12.1369
     11.7397
     17.2777
     11.9187
     15.7174
     16.2102
     16.0142
      12.975
     15.9222
     18.2599
     11.6241
      13.324
     14.4724
     11.2823
     18.5919
      16.974
      18.309
     15.1455
     12.8427
     18.4437
     13.2077
     9.95444
     10.0358
     13.6282
      16.561
     18.5126
     14.0352
     10.3174
     17.5086
     16.6252
     16.1789
     10.7099
     14.4272
     13.3372
     14.3971
     15.6714
     13.1665
     11.4917
     18.2308
     10.6059
     17.0751
     14.4819
     11.5068
     13.5541
     14.0233
     16.9499
     11.1038
     17.4957
     18.7653
     10.4173
     17.7542
     10.6138
     11.1466
     10.2073
     12.9263
     11.3396
     15.4842
     18.7893
     13.9933
     10.2804
     14.2217
     13.4363
     16.6022
     13.8612
     13.0669
     10.3425
     15.1843
     10.2116
      15.902
      16.307
     15.7192
     15.0473
      10.888
     15.5962
     14.1414
     15.8701
     13.1983
     18.5007
     13.7751
     13.2862
      9.6983
     13.7806
     13.1391
     10.7294
     12.1719
     10.3496
     15.8874
     12.6127
     13.8246
     9.51632
     16.8231
     10.8689
     10.2632
     16.3627
     17.8444
     14.9183
      17.471
     13.0007
     11.7477
     15.0721
     13.0954
     17.6688
     18.8425
     17.3327
     11.4488
     15.5162
     12.9439
     17.6148
     16.4741
     16.2619
     13.5416
     10.4788
      11.529
     16.7637
     12.7204
     9.85407
     16.7499
     10.2493
     10.6011
     11.2112
     17.8333
     12.0038
     10.4695
     10.2979
     15.9659
     9.88807
     10.9818
     13.6608
     10.6453
     13.5013
     11.1074
     10.9547
     12.4976
     15.4004
     14.8666
     10.7339
     14.3008
     14.8692
     10.6406
     10.6724
     15.0211
     17.2362
     17.6548
     12.9399
     12.3617
     10.5335
     18.0523
     13.5457
     15.4452
     14.9298
     14.8486
     16.8606
     16.7932
     14.2718
     17.8257
     11.4463
      15.842
     14.7578
     9.79631
     13.0273
     18.1356
     10.2094
     12.5092
     12.0969
     11.4255
     13.9743
     13.8239
     14.9798
     14.5778
     11.3594
     17.2773
     18.7973
     9.91313
     9.97932
     13.8224
     10.7408
     16.6799
      10.819
     14.4107
     13.0202
     17.3087
     15.9935
     14.0587
     11.8026
     12.1644
     12.3347
     13.9769
     16.5152
     12.5806
     12.1639
     11.4401
     15.6575
        16.5
     15.1803
     18.2857
       15.49
     11.2958
     10.2558
     13.1791
     14.5074
     18.1705
     11.7456
     9.63263
     11.6672
     18.4481
     16.9438
     16.5699
     14.4873
     13.1882
     13.4873
     15.4638
     13.3661
     9.52752
     10.6639
     9.84843
      12.982
     11.4281
     13.9472
     10.6809
     10.2773
     10.3622
     16.1028
     16.7577
     11.9642
     16.5195
     11.7579
     18.2687
     13.7675
     13.5558
     18.1509
     9.42727
     18.4676
     9.94566
      12.664
     16.7195
     15.2295
     11.9074
     14.9816
     10.9537
     15.5876
     11.4901
     9.54876
     9.63777
     14.2187
     12.1558
     15.7953
     12.7342
     9.67853
       13.09
     13.2324
     17.9355
     14.8338
      13.714
     10.2482
     16.8051
     13.7475
     17.1967
     9.81285
     16.9763
      10.699
      16.277
     15.3383
     15.3652
     10.4923
     15.3516
     12.8766
     9.54603
     11.8186
      9.9551
     12.5083
     16.2099
     14.8504
      15.324
     18.7224
     11.6035
     18.1375
     13.5715
     16.1081
     10.8021
     12.5377
     16.9117
     15.9517
     16.1189
     17.2224
     13.1522
     15.9479
     12.2007
      16.356
     12.8466
     18.4358
       12.21
      15.897
     16.2034
     9.55159
     9.66459
     12.8604
     17.4354
     17.0412
     17.7219
      16.859
     18.1713
     13.0668
     12.6098
     12.9783
     17.5516
     11.6523
      14.759
     14.0294
      14.397
     15.2809
     15.2273
     9.81358
     11.1584
     10.3512
     11.4631
      15.311
     10.0712
     10.0308
     17.1534
     16.9216
     12.0474
     17.1362
     16.4911
     15.3199
     14.9143
     10.9211
     17.4781
     18.0341
     18.1202
     10.9419
     14.1793
      16.524
     12.2339
     15.5204
       17.01
     17.7205
     14.6483
      14.024
     16.8663
     13.2586
     10.7891
     13.1845
     16.5487
     10.2938
     15.5288
     11.4585
     11.5449
     11.5023
     12.2918
     9.54347
     17.5371
      9.7096
     10.6149
     18.5456
      16.581
     9.73029
     11.6434
     16.8296
     11.4642
     13.1475
     9.97906
     14.3801
     17.4186
     17.0493
     16.3276
     17.9192
      11.511
     14.0122
     14.5743
      16.696
     13.2876
     17.0428
